D:\Y_Drive\YandexDisk\YandexDisk\rheo\RheoWin\Data\2026\05_may_proj\SCTNA_60_PyrO_40_Katal68_2\1500v\good\SCTNA_60_PyrO_40_Katal68_2_freq=_from_01hz_to_100hz_U=1500v_30_points_ver1_good.rwd
Company / Operator: iam / rheo
Date / Time / Version: 28.05.2026 / 14:42:49 / HAAKE RheoWin 4.63.0004

;t in s;t_seg in s;Tau in Pa;G' in Pa;G'' in Pa;|Eta*| in Pas;Gamma in -;f in Hz;T in °C;
1|1;220,9;215,7;110,0;109700;6778;174900;0,001001;0,1000;20,57;
1|2;464,8;459,6;137,6;108100;7291;172500;0,001270;0,1000;20,55;
1|3;708,7;703,4;169,7;105200;8713;168000;0,001608;0,1000;20,56;
1|4;952,6;947,3;207,4;100700;10310;161100;0,002048;0,1000;20,57;
1|5;1196;1191;249,0;95110;11500;152500;0,002600;0,1000;20,57;
1|6;1440;1435;299,2;89730;12340;144200;0,003304;0,1000;20,56;
1|7;1684;1679;356,1;84210;12710;135500;0,004181;0,1000;20,57;
1|8;1928;1923;422,4;78560;13090;126800;0,005304;0,1000;20,57;
1|9;2172;2167;496,4;72480;13710;117400;0,006730;0,1000;20,57;
1|10;2416;2411;581,1;66580;13840;108200;0,008544;0,1000;20,58;
1|11;2658;2653;668,3;60220;13520;98230;0,01083;0,1000;20,56;
1|12;2901;2896;773,1;54840;13010;89700;0,01372;0,1000;20,59;
1|13;3145;3140;899,5;50030;12400;82030;0,01745;0,1000;20,58;
1|14;3394;3389;1051;45990;11890;75610;0,02213;0,1000;20,59;
1|15;3637;3632;1226;42140;11600;69570;0,02804;0,1000;20,58;
1|16;3881;3876;1435;38870;11030;64310;0,03553;0,1000;20,58;
1|17;4129;4123;1634;34850;10630;57990;0,04484;0,1000;20,59;
1|18;4371;4366;1902;31600;10350;52920;0,05721;0,1000;20,58;
1|19;4614;4609;2179;28320;10110;47850;0,07249;0,1000;20,59;
1|20;4857;4852;2496;25260;10190;43350;0,09166;0,1000;20,59;
1|21;5100;5095;2850;22130;10520;39000;0,1163;0,1000;20,59;
1|22;5348;5343;3236;18820;11500;35110;0,1467;0,1000;20,61;
1|23;5590;5585;3569;15280;12540;31460;0,1805;0,1000;20,60;
1|24;5838;5833;2240;19700;11010;35920;0,09922;0,1000;20,60;
1|25;6037;6032;11980;334,2;791,1;1367;13,95;0,1000;20,61;
1|26;6182;6176;17820;122,1;936,2;1503;18,88;0,1000;20,62;
1|27;6326;6320;17820;181,0;903,8;1467;19,33;0,1000;20,62;
1|28;6470;6465;17820;189,8;1004;1625;17,45;0,1000;20,61;
1|29;6614;6608;17820;147,6;978,7;1575;18,00;0,1000;20,62;
1|30;6758;6752;17820;147,4;1100;1766;16,06;0,1000;20,63;
2|1;6869;91,46;78,43;78490;4795;25030;0,0009974;0,5000;20,61;
2|2;6971;194,0;101,3;79760;5309;25450;0,001267;0,5000;20,61;
2|3;7073;296,0;127,5;79000;6055;25220;0,001609;0,5000;20,62;
2|4;7175;398,0;159,2;77650;6763;24810;0,002042;0,5000;20,62;
2|5;7278;500,8;196,0;75060;7356;24010;0,002598;0,5000;20,63;
2|6;7380;602,6;239,9;72480;7671;23200;0,003292;0,5000;20,63;
2|7;7483;705,3;292,9;69660;8043;22320;0,004176;0,5000;20,62;
2|8;7586;808,3;355,9;66580;8468;21360;0,005303;0,5000;20,60;
2|9;7687;910,1;429,7;63240;9080;20340;0,006726;0,5000;20,59;
2|10;7789;1012;513,2;59420;9627;19160;0,008526;0,5000;20,60;
2|11;7892;1115;608,9;55300;10010;17890;0,01084;0,5000;20,61;
2|12;7995;1218;721,4;51530;10110;16710;0,01374;0,5000;20,61;
2|13;8097;1319;858,6;48190;10150;15670;0,01744;0,5000;20,61;
2|14;8199;1422;1026;45220;10240;14760;0,02213;0,5000;20,63;
2|15;8301;1524;1225;42400;10340;13890;0,02808;0,5000;20,64;
2|16;8404;1627;1448;39300;10380;12940;0,03562;0,5000;20,63;
2|17;8507;1729;1727;36690;10570;12150;0,04522;0,5000;20,62;
2|18;8609;1831;2035;33810;10900;11310;0,05729;0,5000;20,61;
2|19;8711;1933;2403;30990;11460;10520;0,07274;0,5000;20,61;
2|20;8813;2036;2819;28200;11690;9718;0,09233;0,5000;20,61;
2|21;8916;2139;3305;25560;11920;8976;0,1172;0,5000;20,62;
2|22;9019;2242;3895;23120;12260;8331;0,1488;0,5000;20,62;
2|23;9121;2344;4584;20580;12890;7728;0,1888;0,5000;20,62;
2|24;9223;2446;5333;17560;13690;7088;0,2395;0,5000;20,61;
2|25;9325;2548;6085;14330;14300;6445;0,3005;0,5000;20,62;
2|26;9427;2650;6338;12710;14230;6074;0,3321;0,5000;20,62;
2|27;9530;2753;5932;13250;13870;6104;0,3093;0,5000;20,62;
2|28;9633;2856;10850;3157;9379;3150;1,097;0,5000;20,62;
2|29;9728;2950;8367;3311;3896;1627;1,636;0,5000;20,62;
2|30;9786;3009;17820;505,8;4553;1458;3,890;0,5000;20,62;
3|1;9873;75,16;98,26;98390;7807;15710;0,0009955;1,000;20,63;
3|2;9958;160,0;125,4;98650;8188;15750;0,001267;1,000;20,64;
3|3;10040;244,8;156,0;96410;8597;15400;0,001612;1,000;20,63;
3|4;10130;329,8;192,1;93750;8902;14990;0,002040;1,000;20,63;
3|5;10210;414,5;235,8;90470;9073;14470;0,002593;1,000;20,62;
3|6;10300;499,3;287,8;86900;9290;13910;0,003294;1,000;20,63;
3|7;10380;584,1;349,4;83090;9638;13310;0,004177;1,000;20,62;
3|8;10470;669,0;423,2;79180;10180;12710;0,005300;1,000;20,62;
3|9;10550;753,9;510,7;75130;10850;12080;0,006727;1,000;20,62;
3|10;10640;838,6;616,8;71330;11520;11500;0,008537;1,000;20,61;
3|11;10720;923,5;747,4;67870;12590;10990;0,01083;1,000;20,61;
3|12;10810;1008;903,7;64320;13570;10460;0,01375;1,000;20,61;
3|13;10890;1093;1084;60520;14360;9899;0,01743;1,000;20,61;
3|14;10980;1178;1280;56000;14750;9217;0,02210;1,000;20,61;
3|15;11060;1263;1497;51320;14750;8498;0,02804;1,000;20,63;
3|16;11150;1348;1761;47180;14780;7868;0,03562;1,000;20,62;
3|17;11230;1432;2078;43550;14820;7322;0,04517;1,000;20,63;
3|18;11310;1517;2431;39770;14740;6751;0,05731;1,000;20,62;
3|19;11400;1602;2845;36210;14700;6219;0,07281;1,000;20,61;
3|20;11480;1687;3309;32720;14590;5702;0,09237;1,000;20,61;
3|21;11570;1772;3884;29760;14600;5276;0,1172;1,000;20,60;
3|22;11650;1857;4609;27070;15070;4931;0,1488;1,000;20,60;
3|23;11740;1941;5499;24030;16500;4639;0,1887;1,000;20,61;
3|24;11820;2026;6476;20300;18090;4328;0,2382;1,000;20,62;
3|25;11910;2111;7545;17320;18750;4062;0,2956;1,000;20,61;
3|26;11990;2196;8642;14860;18430;3768;0,3650;1,000;20,61;
3|27;12080;2281;9724;13130;18000;3546;0,4364;1,000;20,63;
3|28;12160;2366;10320;12560;17590;3440;0,4774;1,000;20,63;
3|29;12250;2450;10370;12810;16370;3309;0,4990;1,000;20,63;
3|30;12320;2523;16110;4547;11070;1904;1,347;1,000;20,63;
4|1;12380;47,61;66,54;65400;4372;2086;0,001015;5,000;20,64;
4|2;12430;102,8;85,61;67410;4613;2151;0,001267;5,000;20,62;
4|3;12490;157,9;108,8;67160;4917;2144;0,001615;5,000;20,62;
4|4;12540;213,1;137,7;67430;5426;2153;0,002036;5,000;20,62;
4|5;12600;268,2;172,3;66300;5896;2119;0,002589;5,000;20,62;
4|6;12650;322,8;213,2;64270;6473;2056;0,003300;5,000;20,62;
4|7;12710;377,8;263,5;62890;6786;2014;0,004165;5,000;20,62;
4|8;12770;435,0;324,4;60560;7257;1942;0,005319;5,000;20,61;
4|9;12820;491,0;396,0;58290;7877;1872;0,006732;5,000;20,61;
4|10;12880;546,0;489,3;56620;8342;1822;0,008550;5,000;20,61;
4|11;12930;602,7;598,9;54540;8966;1759;0,01084;5,000;20,60;
4|12;12990;658,8;735,1;52610;9536;1702;0,01375;5,000;20,61;
4|13;13050;714,3;895,1;50420;9931;1636;0,01742;5,000;20,60;
4|14;13100;770,2;1082;47760;10320;1555;0,02214;5,000;20,61;
4|15;13160;826,1;1310;45410;10740;1485;0,02807;5,000;20,62;
4|16;13210;881,1;1577;42900;11080;1410;0,03560;5,000;20,62;
4|17;13270;937,8;1892;40270;11380;1332;0,04522;5,000;20,63;
4|18;13320;991,6;2287;38070;11770;1268;0,05739;5,000;20,63;
4|19;13380;1048;2761;35990;12100;1209;0,07271;5,000;20,63;
4|20;13440;1105;3322;33830;12240;1145;0,09235;5,000;20,63;
4|21;13490;1161;4029;32090;12500;1096;0,1170;5,000;20,63;
4|22;13550;1217;4954;30780;12840;1062;0,1485;5,000;20,63;
4|23;13600;1273;6020;29150;13070;1017;0,1884;5,000;20,63;
4|24;13660;1329;7316;27500;13410;973,9;0,2391;5,000;20,63;
4|25;13710;1384;8882;25880;13700;932,0;0,3033;5,000;20,62;
4|26;13770;1439;10890;24260;14580;900,9;0,3848;5,000;20,62;
4|27;13830;1496;13750;23750;15320;899,4;0,4866;5,000;20,63;
4|28;13860;1534;18000;23450;18230;945,5;0,6059;5,000;20,65;
4|29;13890;1563;18000;23840;18640;963,3;0,5947;5,000;20,64;
4|30;13920;1594;18000;26210;18710;1025;0,5589;5,000;20,65;
5|1;13980;42,95;87,94;88980;5959;1419;0,0009861;10,00;20,65;
5|2;14020;90,82;114,1;88880;6885;1419;0,001280;10,00;20,64;
5|3;14070;139,6;142,7;89350;7271;1427;0,001592;10,00;20,63;
5|4;14120;186,3;177,4;86950;8484;1390;0,002031;10,00;20,63;
5|5;14170;233,5;220,3;84440;8820;1351;0,002595;10,00;20,62;
5|6;14210;279,6;270,5;81270;9880;1303;0,003304;10,00;20,61;
5|7;14260;326,2;328,3;77930;11000;1253;0,004171;10,00;20,62;
5|8;14310;373,4;401,5;74760;11670;1204;0,005307;10,00;20,62;
5|9;14350;418,9;494,6;72190;12400;1166;0,006752;10,00;20,62;
5|10;14400;467,8;601,6;69150;12930;1120;0,008551;10,00;20,63;
5|11;14450;516,5;722,0;65530;13050;1063;0,01081;10,00;20,62;
5|12;14500;563,6;869,8;61750;13350;1006;0,01377;10,00;20,63;
5|13;14540;609,8;1048;58510;13650;956,3;0,01745;10,00;20,62;
5|14;14590;656,0;1270;55700;13970;913,9;0,02211;10,00;20,62;
5|15;14640;703,1;1549;53320;14340;878,8;0,02805;10,00;20,61;
5|16;14680;749,3;1891;50980;14520;843,6;0,03568;10,00;20,61;
5|17;14730;796,4;2301;48820;14780;811,7;0,04512;10,00;20,61;
5|18;14780;843,7;2802;46550;15110;779,0;0,05724;10,00;20,62;
5|19;14820;891,6;3401;44300;15220;745,4;0,07262;10,00;20,62;
5|20;14850;916,4;3564;44290;15340;745,9;0,07604;10,00;20,61;
5|21;14880;943,0;3564;44230;15450;745,7;0,07606;10,00;20,62;
5|22;14900;969,4;3564;44260;15500;746,5;0,07599;10,00;20,61;
5|23;14930;994,8;3564;44230;15540;746,2;0,07602;10,00;20,60;
5|24;14950;1021;3564;44440;15570;749,4;0,07569;10,00;20,61;
5|25;14980;1047;3564;44650;15620;752,8;0,07535;10,00;20,61;
5|26;15010;1073;3564;44740;15630;754,3;0,07520;10,00;20,60;
5|27;15030;1099;3564;44840;15660;755,9;0,07504;10,00;20,61;
5|28;15060;1124;3564;44770;15650;754,9;0,07514;10,00;20,62;
5|29;15080;1150;3564;44630;15630;752,7;0,07536;10,00;20,63;
5|30;15110;1175;3564;44760;15660;754,7;0,07516;10,00;20,63;
6|1;15150;33,41;94,69;93600;6779;746,8;0,001009;20,00;20,63;
6|2;15200;76,55;121,4;94610;6955;754,9;0,001280;20,00;20,63;
6|3;15240;118,6;153,3;95560;7619;762,8;0,001599;20,00;20,63;
6|4;15280;159,9;194,1;94490;8352;754,8;0,002046;20,00;20,63;
6|5;15320;202,4;247,0;95110;9814;760,9;0,002583;20,00;20,63;
6|6;15360;245,0;310,1;93710;10420;750,3;0,003290;20,00;20,63;
6|7;15410;286,1;383,4;91220;11600;731,7;0,004169;20,00;20,63;
6|8;15450;328,3;470,4;87920;12270;706,5;0,005299;20,00;20,63;
6|9;15490;370,6;573,1;84110;12990;677,3;0,006734;20,00;20,63;
6|10;15530;412,5;699,5;80870;13200;652,0;0,008537;20,00;20,63;
6|11;15570;454,5;852,3;77380;14100;625,9;0,01084;20,00;20,63;
6|12;15620;498,5;1051;75000;14780;608,3;0,01374;20,00;20,63;
6|13;15660;539,5;1275;71370;15180;580,6;0,01747;20,00;20,63;
6|14;15700;581,6;1543;67890;15500;554,1;0,02215;20,00;20,63;
6|15;15740;623,4;1855;64010;15770;524,6;0,02813;20,00;20,64;
6|16;15790;668,2;2222;60370;15830;496,6;0,03560;20,00;20,64;
6|17;15830;709,4;2664;56530;15910;467,4;0,04535;20,00;20,64;
6|18;15870;750,6;3173;52800;15950;438,9;0,05753;20,00;20,64;
6|19;15890;774,8;3619;49230;15840;411,5;0,06998;20,00;20,63;
6|20;15920;798,0;3619;49200;15750;411,1;0,07006;20,00;20,63;
6|21;15940;823,5;3619;49450;15700;412,9;0,06975;20,00;20,63;
6|22;15970;849,0;3619;49600;15700;414,0;0,06957;20,00;20,63;
6|23;15990;873,8;3619;49740;15630;414,9;0,06941;20,00;20,63;
6|24;16020;899,0;3619;49770;15620;415,1;0,06937;20,00;20,64;
6|25;16040;924,6;3619;49720;15590;414,7;0,06945;20,00;20,64;
6|26;16070;949,7;3619;49540;15610;413,3;0,06968;20,00;20,64;
6|27;16090;974,2;3619;49750;15560;414,8;0,06943;20,00;20,63;
6|28;16120;999,6;3619;49830;15540;415,4;0,06934;20,00;20,63;
6|29;16140;1024;3619;49900;15550;416,0;0,06924;20,00;20,64;
6|30;16170;1049;3619;49920;15540;416,0;0,06922;20,00;20,64;
7|1;16210;32,57;97,07;94510;6565;491,8;0,001025;30,66;20,64;
7|2;16250;73,96;120,7;91710;7430;477,6;0,001311;30,66;20,65;
7|3;16290;114,6;152,7;92840;8458;483,9;0,001638;30,66;20,65;
7|4;16330;155,6;191,2;93470;8200;487,1;0,002038;30,66;20,64;
7|5;16380;196,0;240,5;92130;9059;480,5;0,002598;30,66;20,63;
7|6;16420;237,2;298,9;90230;9159;470,8;0,003295;30,66;20,63;
7|7;16460;278,0;366,9;88680;10760;463,7;0,004108;30,66;20,62;
7|8;16500;319,0;458,8;86310;11090;451,7;0,005273;30,66;20,63;
7|9;16540;360,2;569,2;83470;11480;437,3;0,006756;30,66;20,64;
7|10;16580;400,6;695,1;80040;13320;421,2;0,008567;30,66;20,64;
7|11;16620;441,4;863,2;78340;14030;413,1;0,01085;30,66;20,64;
7|12;16660;482,2;1059;75800;14070;400,2;0,01374;30,66;20,64;
7|13;16700;522,8;1282;71570;14930;379,5;0,01753;30,66;20,64;
7|14;16740;563,9;1545;68110;15500;362,6;0,02211;30,66;20,64;
7|15;16780;604,4;1865;64580;14860;344,0;0,02815;30,66;20,64;
7|16;16820;645,5;2257;61100;15660;327,4;0,03578;30,66;20,64;
7|17;16870;687,0;2703;57640;15400;309,7;0,04531;30,66;20,64;
7|18;16910;728,2;3222;53470;15630;289,2;0,05783;30,66;20,64;
7|19;16930;749,4;3647;50290;15810;273,7;0,06917;30,66;20,64;
7|20;16950;773,9;3647;50260;15800;273,5;0,06922;30,66;20,64;
7|21;16970;795,5;3647;50500;15660;274,5;0,06897;30,66;20,63;
7|22;17000;819,4;3647; ;15610;81,04;0,06902;30,66;20,63;
7|23;17020;843,1;3647;50530;15840;274,9;0,06886;30,66;20,63;
7|24;17050;867,5;3647;50410;15770;274,2;0,06904;30,66;20,63;
7|25;17070;890,0;3647;50500;15250;273,8;0,06913;30,66;20,63;
7|26;17090;914,0;3647;50570;15630;274,7;0,06890;30,66;20,64;
7|27;17120;938,2;3647;50710;15400;275,1;0,06880;30,66;20,64;
7|28;17140;962,5;3647; ;15370;79,81;0,06848;30,66;20,64;
7|29;17170;986,4;3647;50960;15490;276,5;0,06847;30,66;20,64;
7|30;17190;1011;3647;51000;15450;276,6;0,06843;30,66;20,64;
8|1;17230;31,04;90,75;88960;8696;278,4;0,001015;51,10;20,64;
8|2;17270;70,23;117,3;90890;8252;284,3;0,001285;51,10;20,64;
8|3;17310;111,1;146,5;90890;8090;284,2;0,001606;51,10;20,63;
8|4;17350;150,8;184,0;89930;7715;281,1;0,002039;51,10;20,64;
8|5;17390;190,1;227,7;86700;9257;271,6;0,002611;51,10;20,64;
8|6;17430;229,2;284,3;85530;9386;268,0;0,003304;51,10;20,63;
8|7;17470;268,9;354,1;83520;10370;262,1;0,004207;51,10;20,62;
8|8;17510;307,7;436,2;82590;10210;259,2;0,005241;51,10;20,63;
8|9;17550;347,0;548,4;80280;13510;253,6;0,006736;51,10;20,63;
8|10;17590;386,3;672,6;78250;11440;246,3;0,008506;51,10;20,63;
8|11;17630;425,6;843,4;76420;13530;241,7;0,01087;51,10;20,63;
8|12;17660;464,1;1006;72980;13490;231,2;0,01356;51,10;20,63;
8|13;17700;502,8;1199;67440;12940;213,9;0,01746;51,10;20,63;
8|14;17740;542,2;1451;65200;13810;207,6;0,02177;51,10;20,63;
8|15;17780;581,3;1728;60210;12660;191,6;0,02809;51,10;20,63;
8|16;17820;620,6;2111;57650;13100;184,1;0,03570;51,10;20,63;
8|17;17860;659,8;2523;52930;14830;171,2;0,04591;51,10;20,62;
8|18;17900;699,1;2895;47940;14040;155,6;0,05796;51,10;20,62;
8|19;17930;731,9;3471;43110;13760;140,9;0,07669;51,10;20,62;
8|20;17950;752,2;3687;42740;14400;140,5;0,08175;51,10;20,63;
8|21;17970;774,7;3687;42950;13970;140,7;0,08163;51,10;20,63;
8|22;18000;797,6;3687;43370;14110;142,0;0,08084;51,10;20,63;
8|23;18020;820,3;3687;42840;13410;139,8;0,08213;51,10;20,63;
8|24;18040;843,6;3687;42910;13850;140,4;0,08177;51,10;20,63;
8|25;18070;866,9;3687;43350;13870;141,8;0,08101;51,10;20,63;
8|26;18090;890,4;3687;43630;14120;142,8;0,08039;51,10;20,63;
8|27;18110;913,4;3687; ;13780;42,91;0,08174;51,10;20,64;
8|28;18140;936,6;3687;43630;13650;142,4;0,08065;51,10;20,64;
8|29;18160;959,4;3687;43510;14080;142,4;0,08063;51,10;20,64;
8|30;18180;982,2;3687;43230;13250;140,8;0,08155;51,10;20,64;
9|1;18220;30,62;80,52;79320;13140;170,6;0,001002;75,00;20,64;
9|2;18260;69,76;105,7;79190;9567;169,3;0,001325;75,00;20,63;
9|3;18300;107,8;129,3;76670;8734;163,7;0,001675;75,00;20,64;
9|4;18340;146,3;162,3;78380;10410;167,8;0,002053;75,00;20,63;
9|5;18380;185,1;199,8;76750;9669;164,1;0,002583;75,00;20,63;
9|6;18420;223,4;249,4;75340;9750;161,2;0,003283;75,00;20,64;
9|7;18450;261,7;317,1;74690;11420;160,3;0,004197;75,00;20,63;
9|8;18490;301,0;386,1;71970;11970;154,8;0,005291;75,00;20,64;
9|9;18530;339,2;474,2;68380;14220;148,2;0,006791;75,00;20,64;
9|10;18570;378,1;558,3;63170;13990;137,3;0,008629;75,00;20,64;
9|11;18610;416,5;661,4;59290;14520;129,5;0,01084;75,00;20,65;
9|12;18650;455,0;784,9;55710;13560;121,7;0,01369;75,00;20,64;
9|13;18690;494,0;937,5;51760;13160;113,3;0,01755;75,00;20,65;
9|14;18720;531,9;1092;46940;14370;104,2;0,02224;75,00;20,65;
9|15;18760;570,2;1286;42810;14740;96,07;0,02841;75,00;20,64;
9|16;18800;608,6;1500;39450;14470;89,17;0,03570;75,00;20,64;
9|17;18840;646,5;1769;37040;13890;83,95;0,04473;75,00;20,63;
9|18;18880;685,6;2122;34840;13270;79,11;0,05691;75,00;20,64;
9|19;18920;724,9;2559;33130;11890;74,70;0,07269;75,00;20,64;
9|20;18960;763,2;3219;33240;10740;74,13;0,09216;75,00;20,65;
9|21;18970;782,6;3742;34370;11310;76,78;0,1034;75,00;20,66;
9|22;19000;805,5;3742;34230;11200;76,42;0,1039;75,00;20,67;
9|23;19020;828,1;3742;34150;11260;76,31;0,1041;75,00;20,67;
9|24;19040;850,0;3742;34680;11240;77,37;0,1026;75,00;20,67;
9|25;19060;872,5;3742;34150;11150;76,24;0,1042;75,00;20,67;
9|26;19090;895,5;3742;34380;11160;76,71;0,1035;75,00;20,67;
9|27;19110;918,3;3742;34380;11130;76,68;0,1036;75,00;20,67;
9|28;19130;941,4;3742;34650;11140;77,24;0,1028;75,00;20,67;
9|29;19160;964,5;3742;34910;11100;77,73;0,1022;75,00;20,67;
9|30;19180;987,2;3742;34660;11160;77,27;0,1028;75,00;20,67;
10|1;19220;30,56;66,39;58330;18440;97,36;0,001085;100,0;20,67;
10|2;19260;68,55;85,20;56780;17710;94,66;0,001432;100,0;20,66;
10|3;19300;107,6;96,03;56260;17750;93,89;0,001628;100,0;20,65;
10|4;19330;146,0;118,6;55460;17980;92,78;0,002035;100,0;20,64;
10|5;19370;184,1;152,1;78470;19510;128,7;0,001881;100,0;20,63;
10|6;19410;222,1;218,5;53510;20170;91,01;0,003820;100,0;20,62;
10|7;19450;260,3;236,9;52370;20660;89,60;0,004208;100,0;20,62;
10|8;19490;298,7;286,6;78230;24890;130,7;0,003491;100,0;20,62;
10|9;19530;336,6;360,7;78140;28180;132,2;0,004342;100,0;20,62;
10|10;19560;374,8;565,7;100400;9798;160,5;0,005610;100,0;20,63;
10|11;19600;413,1;540,6;79540;33860;137,6;0,006254;100,0;20,63;
10|12;19640;451,2;884,9;76570;39470;137,1;0,01027;100,0;20,63;
10|13;19680;490,4;1164;109800;15880;176,5;0,01050;100,0;20,63;
10|14;19720;528,5;959,7;105300;14180;169,2;0,009029;100,0;20,63;
10|15;19760;566,8;1671;29460;29380;66,22;0,04017;100,0;20,64;
10|16;19790;598,5;3127;70440;53190;140,5;0,03542;100,0;20,63;
10|17;19830;636,7;2541;27280;26580;60,62;0,06672;100,0;20,63;
10|18;19860;674,9;2096;107900;21930;175,3;0,01903;100,0;20,63;
10|19;19900;713,0;3189;69080;48090;134,0;0,03789;100,0;20,64;
10|20;19940;751,3;3039;24740;23450;54,25;0,08917;100,0;20,64;
10|21;19970;780,8;3885;25120;19450;50,57;0,1223;100,0;20,64;
10|22;19990;803,2;3885;63920;52170;131,3;0,04708;100,0;20,64;
10|23;20010;825,7;3885;22720;23230;51,72;0,1195;100,0;20,64;
10|24;20040;848,0;3885;70360;55350;142,5;0,04339;100,0;20,64;
10|25;20060;870,4;3885;24230;18460;48,48;0,1275;100,0;20,64;
10|26;20080;891,5;3885;25390;18320;49,82;0,1241;100,0;20,64;
10|27;20100;913,7;3885;21480;26270;54,01;0,1145;100,0;20,64;
10|28;20120;936,0;3885;21330;26530;54,18;0,1141;100,0;20,65;
10|29;20150;959,1;3885;22470;24160;52,51;0,1177;100,0;20,65;
10|30;20170;981,7;3885;25550;17540;49,33;0,1253;100,0;20,64;
